Blade Count:	2	6
Chord Ratio:	0.5	2
Span Ratio:	0.5	2
Twist Delta [deg]:	-10	10
Observer Position:	0	-10	0
Observer Velocity:	0	0	75

LogTheta:	-0.2192364088118911	0.5178631050825798	0.5743678376847566	0.10456851692512513	
p:	2	2	2	2	
Regression Lambda:	0

Number of query points:	50

LHC:
0.5	0.06435149830545966	0.316561182964092	0.8704965204710211	
0.75	0.8544123893713441	0.8644994682892159	0.8517249426714137	
0.25	0.4507137582220745	0.6705214706793238	0.46708183525771735	
0.0	0.6347229606424729	0.5318071288194599	0.5990638993849815	
0.75	0.6752810350922475	0.4656246188900773	0.983134869793459	
0.75	0.6967200830160452	0.8539367974565341	0.09846491914363982	
1.0	0.21918551618646137	0.2862231149660719	0.6152727099159336	
0.5	0.10078459447118406	0.5542852180280493	0.4214707160521652	
0.5	0.6478417152046781	0.09341414786899307	0.9179939267627992	
0.0	0.5783981179369317	0.38906349976536536	0.13416122354581766	
0.0	0.5039701539482875	0.1298149882718207	0.5685425067590781	
0.5	0.8319964714958457	0.9789590031094841	0.39463063584915964	
0.25	0.08203188141276792	0.7979092932970531	0.7452188488373759	
0.75	0.9490976794504492	0.4126894188278529	0.029023270288596824	
1.0	0.8677270119447343	0.6533245732376081	0.29498422925059403	
0.25	0.7741317509370977	0.5076858992477651	0.2545906699410374	
0.25	0.2655422368300621	0.06712856141644112	0.8924204024538882	
1.0	0.19518893909661256	0.17794120318433101	0.019082556986213053	
0.75	0.011802155882367788	0.7392580016352828	0.7257752640119509	
0.0	0.7478184252309924	0.9355522963966445	0.509149262748199	
0.75	0.5902060772737424	0.2697655652252845	0.6917099269718162	
0.75	0.24361485315946543	0.9853467265182242	0.30201293674874313	
0.0	0.23826745081192915	0.5705413771592438	0.6545464713385735	
0.75	0.9967540507820797	0.443381989468534	0.6727821591626052	
0.5	0.9246110011726573	0.5912011675378783	0.6324044636420808	
0.75	0.39809708506564095	0.003915285104426265	0.8205939779610663	
0.5	0.46370096169240194	0.37307283874160446	0.2352771402924421	
0.5	0.7142917141465331	0.9130086737230844	0.7946603748537601	
1.0	0.41385406815149717	0.7420593153985782	0.4147617349959702	
1.0	0.3132138459264928	0.6021915708400761	0.9321858906058763	
0.25	0.04585598148834738	0.3492441016287843	0.4836166335024796	
0.25	0.1786217513897892	0.8939188848940367	0.3665295738850511	
0.5	0.14283991887013692	0.7763099885554439	0.043050172245763074	
0.0	0.5228271318026642	0.3351213540949228	0.9744805860301164	
0.25	0.35628348433475693	0.053491477926107825	0.18157879442471136	
0.25	0.5416602820719937	0.8266838203892055	0.14661636344765	
0.75	0.6009266114765179	0.6255135274561258	0.5585111261485648	
0.5	0.7348410608586983	0.03172974749168096	0.44125189968138234	
0.5	0.03636995057758631	0.21941339122866385	0.212018805815311	
0.75	0.42027211269060916	0.9400179179632435	0.7082318812711818	
0.5	0.3203802568855762	0.11304512672818852	0.5377504387562809	
0.25	0.7814344838522398	0.7084564614347683	0.9560766818254921	
0.5	0.3705440156247114	0.4917393668017536	0.8074559362600717	
0.25	0.8828726171904151	0.1898452169403581	0.35213902178782697	
0.75	0.2814539494439558	0.6932480118085147	0.06709558214934952	
0.75	0.8188069419622345	0.14587656648400002	0.2741376411878071	
0.25	0.9192590442209929	0.8042454585865392	0.1779438522706026	
0.0	0.1334210405454971	0.4206786430567036	0.10602095424968733	
1.0	0.4974417077711686	0.25357929133151097	0.32221411608073003	
0.25	0.9795547136549587	0.2209761816267077	0.7766697182743488	

Y:
75.04507227122579
98.58606428123225
92.99927692148214
90.41449521393433
77.60625985711748
99.55721044687495
65.57880100349234
84.4328671812203
62.13797389177994
80.58248528916765
76.15614386251741
104.72092483093894
100.17276238294403
87.38240462802196
85.73865362987908
83.55996782758366
72.05884634001849
76.60917152326095
91.78083627917195
108.59854024157919
74.94451555273484
102.54348673912888
93.52104378004205
75.34948774191041
85.9973506190336
63.88796950646916
75.77279745651833
101.63588255957407
92.10970571988553
86.57262822368418
78.87375986609469
103.6529519979304
97.91482299468797
80.77327387629096
73.4043847757681
102.86153526037833
86.94078519475538
73.18555421196963
71.48487752769398
100.08559870940586
65.84520866588446
94.84664214375942
80.93148046332365
78.16375786311278
91.28348815220208
82.59955429366002
101.13648050088337
85.45891274784799
80.0473265988485
72.42489464089988

U:
1.0	0.03988732351516765	0.29914079164540425	0.22526596246902073	0.25484808543343723	0.040867520152791596	0.7288946522683296	0.6231457888876558	0.2693932719609293	0.1770848710642974	0.3553683885303121	0.020723836432636485	0.3952420042482634	0.02865175707841233	0.04395560132492855	0.09852581060215464	0.6668384687120197	0.3006891801755893	0.4752030421057478	0.03709916663139487	0.36870048288745183	0.10716921861618996	0.5758058508002899	0.04917062089776224	0.06119513951384088	0.46081650421084697	0.3496460526957801	0.06493826922369512	0.2237785152777944	0.5137607583127878	0.7919271992633132	0.19111499830515025	0.1855172553636541	0.42376549458112717	0.3066397179068638	0.0878894639083663	0.23027756500452234	0.13262964966994323	0.554531164625946	0.14264603094123846	0.5991181185536201	0.09849316554808939	0.6510639529990403	0.07083212711025175	0.21294632147914275	0.08415612422946965	0.01927870161590994	0.3864190560262292	0.31152100189724413	0.05824217779562872	
0.0	0.9992041840498851	0.3498984473381491	0.3609621338145337	0.47463707973341723	0.4461593319268382	0.03860478628545413	0.05679669769462577	0.07865828765338859	0.1162293357640461	0.04245042730585012	0.7013509813768883	0.101065749560454	0.1897698827870145	0.5474863842779089	0.32801010010817216	-0.001420224789566418	0.00424297793394289	0.07015520115958776	0.5786893926423632	0.18936539515878528	0.1843910916501586	0.11739244866341457	0.4600125737574885	0.6714553569348695	0.012847360264343096	0.13123029272795522	0.889131695234166	0.36801323714990913	0.2607454746132273	-0.0005905245125417896	0.1335549771232125	0.06939751201497518	0.15309022852278373	0.005938166183363836	0.3259492855205632	0.57668041420703	0.04967051872231837	-0.008893721734418993	0.5071167485334048	0.015988040196619452	0.7572428678776064	0.23786458296850105	0.11038616158819271	0.13036939864686822	0.09050712138339789	0.46916489055307703	0.014823240066320865	0.09680540186361324	0.16919755668629816	
0.0	0.0	0.8877420026810231	0.6646762542565569	0.22643767556470917	0.39876685321193717	0.11475022385692651	0.4545895238301155	0.08934922558599864	0.5577143993572466	0.21757394878101263	0.18360360645882504	0.44075303998944315	0.1763752814641644	0.2044631653966742	0.5196425461279315	-0.02030817998768786	0.09859151175723563	0.2754768283728977	0.38106570692580816	0.26744499602724947	0.4512263127592172	0.6207598433518762	0.08528105748783821	0.20292592532629103	-0.005850536601165533	0.5568885387126843	0.23132034985648528	0.560194025930151	0.28653440496555266	0.17879832060791628	0.60546619515369	0.5156161070274698	0.3006998628650628	0.13058745405361993	0.7196944377752725	0.5781195078388952	0.11535322926457332	0.08090401431824959	0.4349352559178576	0.10930549063040726	0.2447556983998709	0.4997333359821872	0.18414400237858836	0.5945526888313697	0.1463901247276496	0.26801190787952767	0.38573233147448516	0.2607004438361735	0.09953329967803065	
0.0	0.0	0.0	0.6141392847981942	0.3228065613379737	-0.1449259755013035	-0.012411257057288242	-0.22917231995192605	0.35598626005950423	0.3969936326909004	0.44746679651417187	-0.06705468536559622	-0.25383264461937627	0.21208448553966378	0.06703553716441013	0.4705687483398746	0.17708477447847043	-0.027547793812306202	-0.24454318841190578	0.0719072672880727	0.3446104621275976	-0.3467345314476012	0.008820939098654999	0.34534472434187147	0.409385528855629	0.14805499597239669	0.16948328993587253	-0.03966356347091971	-0.28955888526014784	-0.11196351866874085	-0.049698731698871616	-0.35300609882350054	-0.32670055205650483	0.5586548196257678	0.15499903099919501	-0.15525646460778322	0.0662678853441992	0.31076240679177364	-0.039119516529225316	-0.29595754355260945	0.1736227082667192	0.3586523766403329	0.12696434090484446	0.47358437910995843	-0.3119780264176237	0.2759303503326258	0.15243427003410093	-0.06942045946390667	0.1143547319020847	0.4798808588316513	
0.0	0.0	0.0	0.0	0.7445092336130223	-0.0754960205872073	0.18258642405957315	-0.00505746393616976	0.43910864301240526	-0.1138522534915864	0.048094148527669106	-0.19539039764363422	-0.0010200523418907776	0.049665893677146786	0.09380049738580729	-0.039381079302255144	0.0642625072797581	0.012315460623699273	0.033407983230599514	-0.22032206716177605	0.5416624199107566	0.005048503267438049	-0.038205684300061465	0.35798345173185625	0.16117458507788476	0.22469694317172087	0.08431212467432324	-0.061833665463630914	0.15788239580428895	0.39970490500058786	-0.08690719649371083	-0.022962727287425346	-0.007984229656286814	0.25468636355619684	-0.022857304224445155	-0.11534396406276644	0.30160670787553917	0.18720008878841443	-0.06582938414437499	0.0470866066501874	0.09238712311518013	0.14474000473181592	0.33191603851714174	0.09795086773989868	0.026515909266760597	0.20043147758057217	-0.18272229517758717	-0.09337919309236224	0.26751993976941074	0.2780253253900023	
0.0	0.0	0.0	0.0	0.0	0.7832965630022256	0.020028862420636877	-0.10068125848044167	0.06306267642604071	0.08827882724132284	0.018806837339218115	0.45097817101965554	-0.16614619395775512	0.34001722996311895	0.5171376457027872	0.2921624444814892	0.04144775664058472	0.02361355131432334	-0.09002114509302236	0.17582408151213721	0.07108008440909179	0.17308637598583215	-0.18794664427479768	0.12174675801263095	0.15866335573295037	0.05322913018622549	0.08446344029500848	0.013379670942855585	0.2485972132147994	-0.05685610623103393	-0.06303934903806267	-0.050557898918196786	0.06275179300512701	-0.021599904599459745	0.007693368494996922	0.4119379605926611	0.18449881511119284	0.06494418117213865	-0.015200753898543636	0.033511087855531994	0.02188102779368458	-0.09225313195404736	-0.08919890772267228	0.10916926055969256	0.21243434180334664	0.11795992723719718	0.5224540943397791	-0.08885394402808346	0.10449621955271132	0.06995670832033923	
0.0	0.0	0.0	0.0	0.0	0.0	0.648198770141383	0.13776213955543035	0.118257296933118	0.12694578269291332	0.1412808114157063	0.001987656657388235	-0.14962126568268347	0.0609668731613299	0.044857043610317913	0.06950019386684783	0.06402397825731954	0.5769339380172427	-0.010993906232096581	-0.01758921808725261	0.3145408873075489	-0.015758088751787122	-0.1267430509537554	-0.011862458217747975	-0.005689192615218995	0.35951539128939786	0.35860252204029935	-0.0207023613240303	0.16275113518248524	0.14967378519422106	0.06228030716394769	-0.0761998093668133	0.03838723700746077	-0.07562919483220389	0.30421473821525985	-0.031808104198712654	0.10921624987105928	0.19551397978534582	0.33108119227836663	-0.028994476427145435	0.41998119712767024	-0.058957358145588994	0.07860751291031257	0.08684137585492478	0.16493057040438194	0.1831443883441542	0.003758654906257126	0.07719871153520286	0.5887250752476679	-0.008832208303014758	
0.0	0.0	0.0	0.0	0.0	0.0	0.0	0.5658190281960889	-0.02873334712206878	0.07223684570642123	0.020273279154870247	-0.035760037377662125	0.2951613915532727	0.06085213061973626	0.04809864880686244	0.032137403099383795	-0.17219283515754324	0.14776273648154628	0.4324111380504557	-0.12284012301240427	-0.03961157979929342	0.1732340961628467	0.18733277330241513	0.10524998620131257	0.07658002664278674	-0.1869627863968441	0.12011224976135133	-0.09156386778368344	0.1191842755278025	0.021336084511449846	0.3690290995688667	0.2339841121157554	0.46098515734256207	-0.0023144706524239373	0.04435000391735683	-0.07384813600061015	-0.02514873417108964	0.016316962794201757	0.30779581971540115	-0.03735637629260383	-0.06274587777292727	-0.0014957053223109064	0.010666320527020542	0.09087045105800796	0.35785902683186793	0.03249406762033673	0.005810984910297596	0.44739639104156	-0.001772931495890187	0.12535556974411893	
0.0	0.0	0.0	0.0	0.0	0.0	0.0	0.0	0.7582393700545196	0.0824306096633429	0.48534504238353937	0.04758011073894223	0.03136429755751036	0.02057846224375058	-0.048493683866821215	-0.0008169822239976124	0.40724773530096886	0.0016329640711781788	-0.020743106337192455	0.02113867462442924	0.33320948419010904	0.06722080675000344	0.0247997276465876	0.04847563610057317	-0.04580390166320058	0.5598309480475616	0.09577387467579362	0.01298806070856797	-0.03926448871381293	-0.14330201164947234	0.017561003541923643	0.08857968620847266	0.06774040261115329	0.2634583128360751	0.247660732818319	0.03404940737496429	-0.07921891704548842	0.5942341477382919	0.004408352345475423	0.02619912140232874	0.3374201399480992	-0.08876426580455885	-0.01548610717506413	0.32371868682420074	0.0262279067789142	0.3343657087954032	-0.022154069718270344	0.051819062631175625	0.14799820293489796	0.3745999032988192	
0.0	0.0	0.0	0.0	0.0	0.0	0.0	0.0	0.0	0.6615124400233471	0.26867216803992194	-0.07817927080680655	-0.11359353052796718	0.2987711666647679	0.08584166925085217	0.3278000448139739	0.037767365213982086	0.14792748951897963	-0.09866908174045844	-0.14834726361317735	0.10874894761386857	-0.09088925107092377	-0.0375815568375548	0.07043350543612145	0.001696587485150633	0.008041137499942605	0.44902875025393996	-0.09427625665735283	-0.039921192394201936	-0.04863499509206843	0.09281484163055168	-0.08400869143543002	0.0157421147324186	-0.09771288891314	0.4232446224814336	0.046900814167616926	0.021682520600031462	0.24091209425773297	0.1411698374665953	-0.09771885477009605	0.17515768011204527	-0.1543311970261459	-0.05013180458291956	0.327457425499124	0.07389590505620777	0.3061011957611994	0.013767209143259782	0.31957767401360165	0.23394772113341833	0.018281700706447655	
0.0	0.0	0.0	0.0	0.0	0.0	0.0	0.0	0.0	0.0	0.5418152366473957	-0.016670302898127078	0.005483597103918174	-0.13074683131091033	-0.035955820531342476	-0.15407257691784088	0.294446301743738	0.0506184134839728	-0.029240084833371746	-0.07269501384740376	0.036657679509637	0.058033988210664446	0.08791059737579023	-0.10029383687514278	-0.09688317453585356	0.06362536533751553	0.07760786206106168	0.005196762265994824	0.05754695596696426	0.026631688045168085	0.10414332740324801	0.02289293836290803	-0.010147291975751196	0.21446310311222025	0.44460500211618786	-0.06276358815220284	0.023034197145481643	0.1419878068720661	0.10876509503083039	0.0717361359351059	0.3303652375081069	-0.032327761197106536	0.09161753290527043	0.01830651532783104	-0.010928438637397493	-0.022847544717177613	-0.12259064921927708	0.06842560545125653	0.041518744098593685	-0.08808382668773335	
0.0	0.0	0.0	0.0	0.0	0.0	0.0	0.0	0.0	0.0	0.0	0.46687845826369323	0.02658601749764889	-0.08600709701190473	-0.11739823298332282	-0.016381222000381758	-0.02223738858833983	-0.008419259879249113	0.006293622804282987	0.44566388381486166	0.012972226731709403	-0.028819445808114418	0.012886298581582281	-0.05104594669525664	-0.008709658007573678	-0.018011234138621164	-0.043287575969017035	0.14447830963543462	-0.15268164158812864	-0.004272312472379168	0.01843876682981816	0.028510676254943912	-0.06758291477326928	-0.009799371616733632	0.03210100082055732	0.07592428139374476	-0.09014746122420891	-0.008952669450054964	0.0169393974519424	0.021635757343188882	0.0018366258441221725	-0.014083355744180612	0.00825385639494338	-0.011590383996612426	-0.15407692126405312	-0.020008704692202214	0.3200809953151776	0.0332937716436385	-0.03576717581276895	-0.022234212609510758	
0.0	0.0	0.0	0.0	0.0	0.0	0.0	0.0	0.0	0.0	0.0	0.0	0.6504911641405662	0.07861387898269676	0.021294721558876527	0.026137575983052184	-0.0527835932504168	-0.0367159444483732	0.46372473774416667	0.007244711883573817	0.00867829783725698	0.2368219026102668	0.1568655831431141	0.02170524287140346	0.008753537700378598	0.024470808688587514	-0.08518697367391057	0.04341722399244052	0.017177837195042386	0.17915569395661346	-0.1181151881741157	0.35809603879572843	-0.0026919334935658753	0.007093652921209513	-0.0064602695321579985	-0.032775181824060036	-0.03433177454026651	0.05753859589789672	-0.15865496238635346	0.26258431710036995	-0.030653900208313534	0.019859638120225735	0.047903172061308064	0.08661918426389147	-0.10636614559177333	0.07324969749786943	0.017434531154505432	-0.17068460986252096	0.024209090828370274	0.03528542301486973	
0.0	0.0	0.0	0.0	0.0	0.0	0.0	0.0	0.0	0.0	0.0	0.0	0.0	0.8007622997201188	0.3873831081279613	0.2782287929317075	0.0039780196215524685	0.013872876670365252	-0.012723714876868322	0.006349924051426378	0.09717670122785023	-0.06118719657040261	-0.003029836404782755	0.3754699083266554	0.2558663959475996	-0.007963799426385537	0.07876228433507028	-0.013923198235118563	-0.013802301936390279	-0.02093800801614086	-0.004243617929401702	-0.011639250951281349	-0.04454270081516331	-0.05015499431654072	0.0036134788933003857	-0.05383310819632282	0.09279684506649442	0.21491363001125252	-0.016529257597007418	-0.03344087205732415	0.013533297689350254	-0.009750796909633033	-0.0022732323819707554	0.3713469191965336	-0.04101495390383234	0.4928983186346812	0.17109212254694664	-0.0708065300556122	0.18255686608277416	0.1743272869361045	
0.0	0.0	0.0	0.0	0.0	0.0	0.0	0.0	0.0	0.0	0.0	0.0	0.0	0.0	0.4428965672508433	0.04478906337429288	0.007816107654039535	-0.020359042948452602	-0.017472648172191314	-0.08817570714186386	0.059813926201154256	-0.15231130520312317	0.022185130844777426	0.20191956930688887	0.17946742368242113	0.010691910513971413	0.04857265073723782	-0.11298403255396108	0.025642185109282636	-0.035659511623356746	0.016697603932946198	-0.06672611805134544	-0.09403236802206699	-0.05226709955685048	-0.0013149425173078697	-0.1234914215021863	0.15501875271531296	-0.05698143324899187	-0.0048398234349641585	-0.124662796396762	0.0075877563507021715	-0.11899973458853919	-0.008341911055671336	-0.11114863610722632	-0.07910317479485321	-0.07609214893497362	0.05625521287779126	0.0340555952994935	0.06575530445916825	-0.047061675375341464	
0.0	0.0	0.0	0.0	0.0	0.0	0.0	0.0	0.0	0.0	0.0	0.0	0.0	0.0	0.0	0.29479675827432306	0.03064929791008445	-0.058120356548439486	0.0502825120862664	0.039420229865690166	0.029561126299890952	0.009673395059996304	-0.14723233257079718	0.12098619254655943	0.21880420760452635	0.01698205149670515	0.000320238241420409	-0.017647863414244087	0.02772744508608796	0.007392546153476337	-0.036646376251002886	0.012650966801034901	0.014090139359387013	-0.1576920791011761	-0.03848191345092303	0.08005225236119884	0.09579932441240947	0.05063816816764553	-0.03275064618038843	-0.010640402009854595	0.012659274698950335	-0.016488770835870747	-0.05624565316547878	0.15809768274460362	0.014280336723919448	-0.004601995158847013	0.2369706725842572	-0.14877219911675735	-0.020263510460061817	0.11286152972428241	
0.0	0.0	0.0	0.0	0.0	0.0	0.0	0.0	0.0	0.0	0.0	0.0	0.0	0.0	0.0	0.0	0.4750614173287547	0.05313212815620915	-0.05025149175140342	0.01679613936929121	-0.04779217424694727	0.03778260794193831	0.0032519603044695207	-0.0394034666806277	0.004178328271851726	0.29905855582367546	-0.008586393261927701	-0.008839083692148765	-0.020369691626649745	-0.09069974600874879	0.036835229038303094	0.061297479360662065	0.10233837677704946	0.08192242397660215	0.053029811560480485	0.019218708110656048	-0.031384023231861215	-0.2094021285358391	0.08708504542834225	-0.022871141240784595	0.189729998682873	0.035820942439703886	-0.028455533083914266	-0.19569048779315038	0.06325845238741863	-0.16035436388762164	0.03786502413145641	0.09721043195485135	-0.036587540324012596	-0.17308211408420457	
0.0	0.0	0.0	0.0	0.0	0.0	0.0	0.0	0.0	0.0	0.0	0.0	0.0	0.0	0.0	0.0	0.0	0.7148556904547178	-0.07603399650474947	0.03339052554326457	-0.01773476544022562	-0.024921451345269647	-0.004496728906399915	0.03220015027398607	0.03141724716547902	-0.007700598657314294	0.13518305569383113	0.0198634127858649	-0.04691567979054781	-0.13190149407516125	0.10974398999434075	-0.009345806304946948	0.008516141830092907	-0.0027483672962385643	0.3119944348731091	0.01704257523767834	-0.01272390383748531	0.06790346390769136	0.4201261304853018	-0.00798366100606566	0.13470706686823924	0.047199075336920804	-0.06321559839664287	0.0017763431542917806	0.058039047218960214	0.076449717018552	0.004290180810997108	0.13455304866351633	0.20401572588738026	0.03661862639978079	
0.0	0.0	0.0	0.0	0.0	0.0	0.0	0.0	0.0	0.0	0.0	0.0	0.0	0.0	0.0	0.0	0.0	0.0	0.44704397674288443	0.011978481525867515	-0.0276481673444992	0.17679917423729094	-0.17369858457951304	-0.03134054661343298	-0.021382271912864376	-0.008527155061013926	-0.0263680263877964	0.031236550563183058	0.21055817823128992	0.2895985253836857	-0.15794450710846214	-0.04940463514750505	-0.0009139150128718	-0.019343128306818204	0.0017340562361878003	0.003363340598778324	0.07337876086896943	0.007952620330720285	-0.10262729975044245	0.18986164669001845	-0.04662540536278234	-0.004821621977381838	0.027942027625519936	-0.009995385520759072	0.0608945662621667	0.005189876779165623	-0.02005284045738703	-0.19077157588653632	-0.01780557013877066	-0.026921404721230915	
0.0	0.0	0.0	0.0	0.0	0.0	0.0	0.0	0.0	0.0	0.0	0.0	0.0	0.0	0.0	0.0	0.0	0.0	0.0	0.4256626104659658	-0.028583835591544288	0.01915249024612388	-0.06281359097493709	0.014671577855600639	0.022647286962759083	0.00996519989749912	-0.037415155543322226	0.12310543406452297	-0.02906278759322618	-0.03817794045654451	0.026180979346935362	0.0650286078606423	0.05117680969359162	-0.07982065192361361	0.05097004596809119	0.1607364733361054	-0.04035037467806482	0.011689960004878033	0.04365109486813384	-0.004158507677142291	0.006922912936406409	0.16444639697862395	-0.09677830742512411	-0.03303898836759186	0.031739209504471726	-0.005010990571189551	0.09577629502079424	0.03829923893563858	-0.0008404065381540207	-0.02250025011243591	
0.0	0.0	0.0	0.0	0.0	0.0	0.0	0.0	0.0	0.0	0.0	0.0	0.0	0.0	0.0	0.0	0.0	0.0	0.0	0.0	0.31055544293577886	0.024524287033931183	0.00707394162979691	0.008079291033166007	-0.03662087571543477	0.06867519939590051	0.19261722323339941	0.00799644018448848	0.028191708148340537	-0.0703599492989395	0.01608267340816498	-0.012113665165999385	0.011295027611929446	-0.059707595129493536	0.04269168826043211	-0.028833430366000407	0.08726521787098171	0.16354383981983608	-0.04456734499348368	-0.010251683316022619	0.11607883604204418	-0.06494894676342139	0.05023867849414789	0.042894167661797794	0.020809366517480284	0.28063394912340045	-0.09296541020694898	-0.009973451773080117	0.35543990761391275	-0.0996180507027567	
0.0	0.0	0.0	0.0	0.0	0.0	0.0	0.0	0.0	0.0	0.0	0.0	0.0	0.0	0.0	0.0	0.0	0.0	0.0	0.0	0.0	0.6603546851863416	-0.08216515549173428	0.08351172932299081	0.048693439344999714	-0.015427179250245298	-0.028951636681981408	0.02674596811266952	0.20442674045394152	-0.04457910087401638	-0.02236208347205107	0.3623387493672195	0.3502968392507092	0.0032952249621948965	-0.01486990300461309	0.07434905982384807	0.002368506230365802	0.00324933957236706	0.010528858657062335	0.2850580335305692	-0.011709419097694131	-0.012350790184310038	-0.06535165069547438	0.05950213313463796	0.2313826159643431	0.01698070636930894	-0.07129085372355404	-0.011529408056396347	-0.015601314668957632	0.07701331024979483	
0.0	0.0	0.0	0.0	0.0	0.0	0.0	0.0	0.0	0.0	0.0	0.0	0.0	0.0	0.0	0.0	0.0	0.0	0.0	0.0	0.0	0.0	0.2892215473212147	0.00764335049076982	-0.005029730129037097	-0.00023601595234645065	-0.03007862895991771	-0.04174326937128192	-0.023052899050258174	0.0645360545341523	0.06761181279201657	-0.06700527191170687	-0.08013292615207786	0.09954683974673183	-0.02174149542416049	-0.03162729959441717	-0.05455594407867225	-0.0339607933478508	-0.05878703485620115	-0.038965856642510774	-0.0018979087358682101	-0.04169771544978862	0.09379644232783302	-0.0343028616862239	-0.0735744127568959	-0.03083262740346574	0.0711008969043107	0.08306050742248293	0.0026302669525227213	-0.03045351203578765	
0.0	0.0	0.0	0.0	0.0	0.0	0.0	0.0	0.0	0.0	0.0	0.0	0.0	0.0	0.0	0.0	0.0	0.0	0.0	0.0	0.0	0.0	0.0	0.5268054863557644	0.2694403254268454	-0.01742564813758377	-0.026681782517864867	-0.05974089155767228	-0.055524405803493465	-0.10996697280930467	0.013943887034605147	0.02282568345623811	0.017306692859492497	-0.0810903599620355	0.03187847234838912	0.06376691665120401	-0.06161222669519298	0.07360895584297344	0.02224260207168504	-0.05885569140216896	0.012909056380871567	0.02392811784897398	-0.09507146408653411	0.16972449892691593	0.013462215616859074	0.12009225764892414	-0.013893979105552186	0.04207837928330116	-0.03390045685910083	0.4059609411849204	
0.0	0.0	0.0	0.0	0.0	0.0	0.0	0.0	0.0	0.0	0.0	0.0	0.0	0.0	0.0	0.0	0.0	0.0	0.0	0.0	0.0	0.0	0.0	0.0	0.209947502468895	0.05250975327241244	0.03791950933717226	-0.03920132520180954	-0.030805404716047965	-0.026391500809613208	-0.0007771198842323567	0.009681780713996701	0.028544035585281426	-0.02506258892157074	0.09038089700128431	-0.010436362364550629	0.004887005616593074	-0.010520054606462796	-0.012336923998444747	-0.091809425284286	0.04315975854853493	0.16476229927504063	0.012576665147737764	-0.07783247516720816	0.02394523354113946	-0.05150464082920671	0.10879603299857833	0.07269583675764305	0.01906284641200776	-0.06880063802916674	
0.0	0.0	0.0	0.0	0.0	0.0	0.0	0.0	0.0	0.0	0.0	0.0	0.0	0.0	0.0	0.0	0.0	0.0	0.0	0.0	0.0	0.0	0.0	0.0	0.0	0.3624977729326969	-0.05384520157682661	-0.001896359975669994	-0.058948283311015114	-0.026892059646755277	0.007038439490426375	0.006900959970196365	0.023237818411363482	-0.1387118517444194	0.14830476389822225	0.009676323188369635	-0.031540493144608585	0.11147179655713783	0.020294860117458072	-0.011219425504416273	0.14423225929913558	0.012678511570277282	-0.044607098769051966	-0.010715476616145452	-0.036938326692661734	0.032434388656965615	0.01363856157346471	0.02085808557953853	-0.0038731435972181004	-0.10462968636116389	
0.0	0.0	0.0	0.0	0.0	0.0	0.0	0.0	0.0	0.0	0.0	0.0	0.0	0.0	0.0	0.0	0.0	0.0	0.0	0.0	0.0	0.0	0.0	0.0	0.0	0.0	0.25604440796075445	0.005996750336263178	0.05297773304860179	-0.0009569180001125755	-0.007856708584119229	-0.0709652437574953	-0.04050842028995409	0.04471772260436223	0.07084064398878544	-0.06425434469182774	0.04548607305702922	-0.012000429631580645	-0.04012400206015231	-0.003899020195542197	0.06422576615720162	0.05323719571381283	0.04825776724352538	-0.05675480475752738	0.095911693898578	-0.0007647178732256048	-0.04590068432751229	-0.014588476665688457	0.1452861562912385	0.023777866764992807	
0.0	0.0	0.0	0.0	0.0	0.0	0.0	0.0	0.0	0.0	0.0	0.0	0.0	0.0	0.0	0.0	0.0	0.0	0.0	0.0	0.0	0.0	0.0	0.0	0.0	0.0	0.0	0.2606659539041049	0.0818989531526215	0.07098775668999531	0.04301133690731748	-0.0863385344606592	-0.09879002550334964	-0.002133656625061422	0.02180567194749843	-0.10971006067676277	0.08291448922887487	0.009101366135918314	0.042407752923982314	0.30871670996605544	0.003081332610680212	0.11996993221467	0.03637845873288826	0.041140939066218754	-0.054223003992135504	0.008846538849791852	-0.11916284751326651	0.041219152744043266	-0.0039328201393717555	0.05370269771360545	
0.0	0.0	0.0	0.0	0.0	0.0	0.0	0.0	0.0	0.0	0.0	0.0	0.0	0.0	0.0	0.0	0.0	0.0	0.0	0.0	0.0	0.0	0.0	0.0	0.0	0.0	0.0	0.0	0.3870452534427151	0.19463644902955016	-0.03867038962035673	-0.10634174647604999	-0.060502234337054234	-0.005291991885643329	-0.021026787792591758	-0.0855102440743601	0.15273306013689916	0.04453561424194336	-0.057643819783716015	0.1384450032358017	-0.047266935261334575	-0.02959897351697945	0.04545231652851234	0.08627538661176833	0.13457449510021663	0.051020584670283406	-0.03000368174899979	-0.06460423923913802	0.0461500626799563	0.06216580503072299	
0.0	0.0	0.0	0.0	0.0	0.0	0.0	0.0	0.0	0.0	0.0	0.0	0.0	0.0	0.0	0.0	0.0	0.0	0.0	0.0	0.0	0.0	0.0	0.0	0.0	0.0	0.0	0.0	0.0	0.3893482521255727	-0.03639908907498895	0.007251122871508992	0.029104731147014593	-0.0010913653573773109	0.013053044151119872	0.0030852354527659146	0.001908869460115557	0.030963000588737563	-0.005311553562945733	0.09006933784493557	-0.019651376176896166	-0.02320533788991267	0.14134879397832872	0.022683201613159676	-0.015038749479597486	0.016390576777660405	0.04205381555373475	0.048573217163232006	-0.02305442565259135	0.014260950856276147	
0.0	0.0	0.0	0.0	0.0	0.0	0.0	0.0	0.0	0.0	0.0	0.0	0.0	0.0	0.0	0.0	0.0	0.0	0.0	0.0	0.0	0.0	0.0	0.0	0.0	0.0	0.0	0.0	0.0	0.0	0.3190377976213927	-0.034803097946998804	-0.14524291780431797	-0.09275210027512058	0.12507269507967023	0.006826496376296455	0.024519540964992585	-0.01788558183544768	0.3597321669123367	0.07594744691866345	0.10527814241058854	-0.019795824334522368	-0.06188658096296253	-0.03141148881304431	-0.14143900820122568	-0.01061586524662383	0.005580663606114632	0.26014245135433994	-0.02287103589116193	0.00498783525541423	
0.0	0.0	0.0	0.0	0.0	0.0	0.0	0.0	0.0	0.0	0.0	0.0	0.0	0.0	0.0	0.0	0.0	0.0	0.0	0.0	0.0	0.0	0.0	0.0	0.0	0.0	0.0	0.0	0.0	0.0	0.0	0.2634586267266801	0.1843241700269612	0.018260819908572225	0.008754186992200428	0.06828309312751166	-0.008597240662452113	0.011010674162381634	-0.014720671513747195	-0.04519599803861226	-0.002128036369972885	0.0040557513747003756	-0.06302894355546672	0.03126434042481706	0.03834147498495478	0.021544248546157527	-0.022461689383732324	0.07219292973636826	0.033646243521331984	0.05328163115223005	
0.0	0.0	0.0	0.0	0.0	0.0	0.0	0.0	0.0	0.0	0.0	0.0	0.0	0.0	0.0	0.0	0.0	0.0	0.0	0.0	0.0	0.0	0.0	0.0	0.0	0.0	0.0	0.0	0.0	0.0	0.0	0.0	0.36687500736868195	0.01161464266531415	-0.009555064778501996	0.057707343105829534	-0.009245211312959054	-0.006652937693678004	0.023734587229715456	-0.08787151936151122	-0.00264160075979568	0.012141753930612455	-0.01805297187092436	-0.01133996002961898	0.2703829814020668	-0.008450469543382137	0.017444196448475693	0.1266724426604284	-0.0027382809841602655	0.0010783319651795676	
0.0	0.0	0.0	0.0	0.0	0.0	0.0	0.0	0.0	0.0	0.0	0.0	0.0	0.0	0.0	0.0	0.0	0.0	0.0	0.0	0.0	0.0	0.0	0.0	0.0	0.0	0.0	0.0	0.0	0.0	0.0	0.0	0.0	0.32202711838337406	-0.06223124283075717	0.045046973243726536	-0.013581433317103517	-0.10667018497937515	0.022766320102646516	0.02550583416873372	-0.020687160017387535	0.007429475530797656	0.08174004502645262	-0.05969179425353594	0.013070759175821034	-0.06674559301614354	0.023258369029435625	0.011499172960708893	-0.014006152564228753	-0.029654311646637746	
0.0	0.0	0.0	0.0	0.0	0.0	0.0	0.0	0.0	0.0	0.0	0.0	0.0	0.0	0.0	0.0	0.0	0.0	0.0	0.0	0.0	0.0	0.0	0.0	0.0	0.0	0.0	0.0	0.0	0.0	0.0	0.0	0.0	0.0	0.4084250807745607	-0.013223410707878478	-0.010541885243000447	0.09646423217491218	0.08542141024075543	-0.013368465283913441	0.12172536305450327	0.01983960795683691	0.014921998784000733	0.018805560601502957	-0.03176714126367443	0.06944271174608146	0.02137301959120965	0.02322885915458265	-0.001266464086982202	0.017732908673223188	
0.0	0.0	0.0	0.0	0.0	0.0	0.0	0.0	0.0	0.0	0.0	0.0	0.0	0.0	0.0	0.0	0.0	0.0	0.0	0.0	0.0	0.0	0.0	0.0	0.0	0.0	0.0	0.0	0.0	0.0	0.0	0.0	0.0	0.0	0.0	0.20963427160759102	-0.00632414716238891	-0.0024539096656092186	-0.03225439787019388	0.0230688265613263	-0.0038901989284107884	-0.014109941839789471	-0.039894235572584064	-0.044129831524275985	0.0233106964288208	0.002837216098165021	0.005169333620104815	-0.000669532613446387	0.040377967702761544	-0.019945378098303268	
0.0	0.0	0.0	0.0	0.0	0.0	0.0	0.0	0.0	0.0	0.0	0.0	0.0	0.0	0.0	0.0	0.0	0.0	0.0	0.0	0.0	0.0	0.0	0.0	0.0	0.0	0.0	0.0	0.0	0.0	0.0	0.0	0.0	0.0	0.0	0.0	0.1512869365599886	0.030133177550782035	-0.006527215818189335	-0.03961864382617828	-0.030166886521629764	-0.03713438351475658	0.030375841012823077	0.029608970511395244	-0.06954737385120892	0.04371745065197291	-0.06404279333868568	-0.004203898271341422	0.0020425365214781026	0.005780926743786227	
0.0	0.0	0.0	0.0	0.0	0.0	0.0	0.0	0.0	0.0	0.0	0.0	0.0	0.0	0.0	0.0	0.0	0.0	0.0	0.0	0.0	0.0	0.0	0.0	0.0	0.0	0.0	0.0	0.0	0.0	0.0	0.0	0.0	0.0	0.0	0.0	0.0	0.4310778206934651	-0.014383244105518134	-0.004081097230830513	-0.006136911511283861	0.05402719976270544	-0.015085483981675779	0.3022854111637765	-0.001698972643675478	0.38050998590900403	-0.02004828614474909	-0.027129487730114935	0.08155867902365715	0.11950524247451105	
0.0	0.0	0.0	0.0	0.0	0.0	0.0	0.0	0.0	0.0	0.0	0.0	0.0	0.0	0.0	0.0	0.0	0.0	0.0	0.0	0.0	0.0	0.0	0.0	0.0	0.0	0.0	0.0	0.0	0.0	0.0	0.0	0.0	0.0	0.0	0.0	0.0	0.0	0.2600498764053367	0.0026399017738260163	0.01488540542214692	-0.0032844996108755313	0.008103415276913944	0.028896121651201773	0.0054554262111145835	-0.010470900334681921	-0.00909118090423739	0.05620625305108148	-0.08907305609910432	0.0008577990630555866	
0.0	0.0	0.0	0.0	0.0	0.0	0.0	0.0	0.0	0.0	0.0	0.0	0.0	0.0	0.0	0.0	0.0	0.0	0.0	0.0	0.0	0.0	0.0	0.0	0.0	0.0	0.0	0.0	0.0	0.0	0.0	0.0	0.0	0.0	0.0	0.0	0.0	0.0	0.0	0.2567820597723654	0.013532568775085444	-0.07570994499919245	-0.014417941984314609	-0.005806854350678585	-0.043003926934622586	-0.0038912403782587457	0.04442375539271188	0.041443410327675	-0.006852938446581419	-0.001546275101509908	
0.0	0.0	0.0	0.0	0.0	0.0	0.0	0.0	0.0	0.0	0.0	0.0	0.0	0.0	0.0	0.0	0.0	0.0	0.0	0.0	0.0	0.0	0.0	0.0	0.0	0.0	0.0	0.0	0.0	0.0	0.0	0.0	0.0	0.0	0.0	0.0	0.0	0.0	0.0	0.0	0.16456342588249004	0.01126321429740152	0.04532494267196326	-0.01196871454587091	-0.029025101442451056	-0.03208234716829804	0.016126910951113765	-0.08673986026330707	-0.026645562330939974	0.03496082761096232	
0.0	0.0	0.0	0.0	0.0	0.0	0.0	0.0	0.0	0.0	0.0	0.0	0.0	0.0	0.0	0.0	0.0	0.0	0.0	0.0	0.0	0.0	0.0	0.0	0.0	0.0	0.0	0.0	0.0	0.0	0.0	0.0	0.0	0.0	0.0	0.0	0.0	0.0	0.0	0.0	0.0	0.23014118062380196	0.0019068928585912327	-0.01735052627801729	-0.01716399620087883	0.008358465665838914	0.039754425639200945	-0.004433318779493138	0.03317650843397442	0.012223523958815959	
0.0	0.0	0.0	0.0	0.0	0.0	0.0	0.0	0.0	0.0	0.0	0.0	0.0	0.0	0.0	0.0	0.0	0.0	0.0	0.0	0.0	0.0	0.0	0.0	0.0	0.0	0.0	0.0	0.0	0.0	0.0	0.0	0.0	0.0	0.0	0.0	0.0	0.0	0.0	0.0	0.0	0.0	0.15805659138653871	0.028992080899512593	0.0060378725480994145	-0.037262412974560864	0.028008375524708074	-0.029948835096500252	-0.053898190416771935	0.00041332499654271035	
0.0	0.0	0.0	0.0	0.0	0.0	0.0	0.0	0.0	0.0	0.0	0.0	0.0	0.0	0.0	0.0	0.0	0.0	0.0	0.0	0.0	0.0	0.0	0.0	0.0	0.0	0.0	0.0	0.0	0.0	0.0	0.0	0.0	0.0	0.0	0.0	0.0	0.0	0.0	0.0	0.0	0.0	0.0	0.3095036597508385	-0.0007427334072815256	0.028998116298543347	-0.07506790989799665	0.007013784686686252	-0.03291837598317786	0.25560929869195476	
0.0	0.0	0.0	0.0	0.0	0.0	0.0	0.0	0.0	0.0	0.0	0.0	0.0	0.0	0.0	0.0	0.0	0.0	0.0	0.0	0.0	0.0	0.0	0.0	0.0	0.0	0.0	0.0	0.0	0.0	0.0	0.0	0.0	0.0	0.0	0.0	0.0	0.0	0.0	0.0	0.0	0.0	0.0	0.0	0.16736249453071053	-0.014900100160250236	-0.008190631194985682	-0.03375535895917293	-0.021501559286986032	-0.002701771536468299	
0.0	0.0	0.0	0.0	0.0	0.0	0.0	0.0	0.0	0.0	0.0	0.0	0.0	0.0	0.0	0.0	0.0	0.0	0.0	0.0	0.0	0.0	0.0	0.0	0.0	0.0	0.0	0.0	0.0	0.0	0.0	0.0	0.0	0.0	0.0	0.0	0.0	0.0	0.0	0.0	0.0	0.0	0.0	0.0	0.0	0.21198439002995326	-0.019143362242763456	-0.018431212061497945	0.0660925760635381	-0.05536873520956417	
0.0	0.0	0.0	0.0	0.0	0.0	0.0	0.0	0.0	0.0	0.0	0.0	0.0	0.0	0.0	0.0	0.0	0.0	0.0	0.0	0.0	0.0	0.0	0.0	0.0	0.0	0.0	0.0	0.0	0.0	0.0	0.0	0.0	0.0	0.0	0.0	0.0	0.0	0.0	0.0	0.0	0.0	0.0	0.0	0.0	0.0	0.30476083414512434	0.01566777587469887	0.008743690386891937	0.02920664310533382	
0.0	0.0	0.0	0.0	0.0	0.0	0.0	0.0	0.0	0.0	0.0	0.0	0.0	0.0	0.0	0.0	0.0	0.0	0.0	0.0	0.0	0.0	0.0	0.0	0.0	0.0	0.0	0.0	0.0	0.0	0.0	0.0	0.0	0.0	0.0	0.0	0.0	0.0	0.0	0.0	0.0	0.0	0.0	0.0	0.0	0.0	0.0	0.33487061196383605	-0.0193107523304042	0.025178909634153052	
0.0	0.0	0.0	0.0	0.0	0.0	0.0	0.0	0.0	0.0	0.0	0.0	0.0	0.0	0.0	0.0	0.0	0.0	0.0	0.0	0.0	0.0	0.0	0.0	0.0	0.0	0.0	0.0	0.0	0.0	0.0	0.0	0.0	0.0	0.0	0.0	0.0	0.0	0.0	0.0	0.0	0.0	0.0	0.0	0.0	0.0	0.0	0.0	0.20194856396717276	0.0539961451489449	
0.0	0.0	0.0	0.0	0.0	0.0	0.0	0.0	0.0	0.0	0.0	0.0	0.0	0.0	0.0	0.0	0.0	0.0	0.0	0.0	0.0	0.0	0.0	0.0	0.0	0.0	0.0	0.0	0.0	0.0	0.0	0.0	0.0	0.0	0.0	0.0	0.0	0.0	0.0	0.0	0.0	0.0	0.0	0.0	0.0	0.0	0.0	0.0	0.0	0.3225385723589587	

r^2:	0.989969253283792
RMSE:	1.4979575112034167
NRMSE:	0.04146241068920194
Airflow:	AirflowWake.txt