RAF 6 AIRFOIL
 1.00000     0.00000
 0.99728     0.00104
 0.99308     0.00263
 0.98875     0.00425
 0.98425     0.00590
 0.97959     0.00758
 0.97476     0.00928
 0.96973     0.01102
 0.96451     0.01280
 0.95907     0.01460
 0.95339     0.01644
 0.94748     0.01831
 0.94130     0.02021
 0.93485     0.02214
 0.92812     0.02409
 0.92109     0.02607
 0.91377     0.02805
 0.90616     0.03005
 0.89827     0.03203
 0.89013     0.03399
 0.88176     0.03593
 0.87323     0.03783
 0.86472     0.03966
 0.85627     0.04142
 0.84784     0.04312
 0.83940     0.04478
 0.83094     0.04642
 0.82244     0.04803
 0.81389     0.04964
 0.80529     0.05124
 0.79665     0.05285
 0.78806     0.05445
 0.77952     0.05603
 0.77101     0.05760
 0.76253     0.05916
 0.75407     0.06069
 0.74564     0.06220
 0.73722     0.06368
 0.72880     0.06514
 0.72040     0.06656
 0.71199     0.06794
 0.70358     0.06929
 0.69517     0.07059
 0.68675     0.07185
 0.67832     0.07307
 0.66989     0.07425
 0.66144     0.07539
 0.65298     0.07648
 0.64451     0.07754
 0.63603     0.07856
 0.62754     0.07955
 0.61903     0.08049
 0.61052     0.08140
 0.60199     0.08228
 0.59346     0.08312
 0.58492     0.08392
 0.57637     0.08469
 0.56782     0.08543
 0.55926     0.08614
 0.55069     0.08681
 0.54213     0.08744
 0.53355     0.08805
 0.52498     0.08862
 0.51640     0.08916
 0.50782     0.08967
 0.49923     0.09014
 0.49065     0.09059
 0.48205     0.09101
 0.47346     0.09139
 0.46486     0.09175
 0.45625     0.09209
 0.44764     0.09240
 0.43902     0.09269
 0.43039     0.09295
 0.42175     0.09320
 0.41310     0.09342
 0.40443     0.09363
 0.39574     0.09382
 0.38703     0.09400
 0.37830     0.09415
 0.36955     0.09428
 0.36078     0.09438
 0.35201     0.09446
 0.34324     0.09450
 0.33447     0.09451
 0.32574     0.09448
 0.31705     0.09441
 0.30841     0.09430
 0.29986     0.09415
 0.29140     0.09395
 0.28306     0.09372
 0.27483     0.09344
 0.26671     0.09312
 0.25868     0.09277
 0.25073     0.09238
 0.24284     0.09196
 0.23496     0.09150
 0.22708     0.09099
 0.21914     0.09044
 0.21110     0.08984
 0.20287     0.08919
 0.19437     0.08847
 0.18586     0.08768
 0.17774     0.08686
 0.16999     0.08599
 0.16252     0.08507
 0.15528     0.08408
 0.14818     0.08302
 0.14115     0.08185
 0.13408     0.08057
 0.12688     0.07913
 0.11938     0.07748
 0.11133     0.07552
 0.10313     0.07332
 0.09592     0.07119
 0.08957     0.06916
 0.08389     0.06721
 0.07869     0.06530
 0.07385     0.06341
 0.06925     0.06150
 0.06479     0.05953
 0.06038     0.05745
 0.05587     0.05517
 0.05105     0.05254
 0.04528     0.04905
 0.03962     0.04522
 0.03452     0.04140
 0.02839     0.03640
 0.02334     0.03203
 0.01993     0.02895
 0.01732     0.02650
 0.01518     0.02443
 0.01337     0.02261
 0.01179     0.02098
 0.01039     0.01949
 0.00915     0.01811
 0.00803     0.01682
 0.00702     0.01562
 0.00611     0.01449
 0.00528     0.01341
 0.00453     0.01239
 0.00385     0.01141
 0.00323     0.01048
 0.00267     0.00959
 0.00218     0.00873
 0.00173     0.00791
 0.00134     0.00712
 0.00100     0.00636
 0.00072     0.00562
 0.00048     0.00492
 0.00028     0.00423
 0.00014     0.00358
 0.00005     0.00294
 0.00000     0.00233
 0.00000     0.00173
 0.00006     0.00116
 0.00016     0.00061
 0.00032     0.00008
 0.00054    -0.00043
 0.00082    -0.00091
 0.00116    -0.00138
 0.00157    -0.00183
 0.00205    -0.00225
 0.00260    -0.00266
 0.00323    -0.00305
 0.00394    -0.00342
 0.00474    -0.00377
 0.00563    -0.00410
 0.00662    -0.00442
 0.00772    -0.00473
 0.00896    -0.00501
 0.01034    -0.00528
 0.01191    -0.00553
 0.01370    -0.00577
 0.01578    -0.00598
 0.01828    -0.00618
 0.02141    -0.00635
 0.02569    -0.00649
 0.03253    -0.00659
 0.03936    -0.00658
 0.04573    -0.00650
 0.05318    -0.00638
 0.05973    -0.00631
 0.06574    -0.00627
 0.07164    -0.00624
 0.07768    -0.00623
 0.08408    -0.00623
 0.09110    -0.00623
 0.09904    -0.00623
 0.10756    -0.00623
 0.11533    -0.00622
 0.12258    -0.00621
 0.12954    -0.00619
 0.13635    -0.00617
 0.14310    -0.00614
 0.14987    -0.00612
 0.15674    -0.00609
 0.16377    -0.00605
 0.17102    -0.00602
 0.17855    -0.00598
 0.18643    -0.00594
 0.19470    -0.00590
 0.20332    -0.00586
 0.21183    -0.00582
 0.22013    -0.00579
 0.22832    -0.00576
 0.23645    -0.00573
 0.24457    -0.00570
 0.25272    -0.00567
 0.26094    -0.00564
 0.26925    -0.00562
 0.27767    -0.00559
 0.28621    -0.00556
 0.29488    -0.00553
 0.30365    -0.00550
 0.31239    -0.00547
 0.32106    -0.00544
 0.32969    -0.00541
 0.33831    -0.00538
 0.34691    -0.00535
 0.35553    -0.00532
 0.36417    -0.00529
 0.37284    -0.00526
 0.38155    -0.00522
 0.39029    -0.00519
 0.39906    -0.00516
 0.40784    -0.00513
 0.41661    -0.00510
 0.42536    -0.00506
 0.43410    -0.00503
 0.44285    -0.00500
 0.45160    -0.00497
 0.46035    -0.00494
 0.46911    -0.00491
 0.47788    -0.00488
 0.48666    -0.00484
 0.49545    -0.00481
 0.50424    -0.00478
 0.51303    -0.00475
 0.52182    -0.00472
 0.53061    -0.00469
 0.53940    -0.00465
 0.54819    -0.00462
 0.55698    -0.00459
 0.56578    -0.00456
 0.57457    -0.00453
 0.58336    -0.00450
 0.59216    -0.00446
 0.60095    -0.00443
 0.60974    -0.00440
 0.61853    -0.00437
 0.62731    -0.00434
 0.63608    -0.00431
 0.64485    -0.00427
 0.65362    -0.00424
 0.66238    -0.00421
 0.67113    -0.00418
 0.67990    -0.00415
 0.68867    -0.00412
 0.69745    -0.00409
 0.70624    -0.00405
 0.71500    -0.00402
 0.72375    -0.00399
 0.73246    -0.00396
 0.74115    -0.00393
 0.74982    -0.00390
 0.75848    -0.00387
 0.76713    -0.00383
 0.77579    -0.00380
 0.78447    -0.00377
 0.79319    -0.00374
 0.80195    -0.00371
 0.81069    -0.00368
 0.81933    -0.00365
 0.82788    -0.00362
 0.83635    -0.00359
 0.84473    -0.00356
 0.85306    -0.00353
 0.86136    -0.00350
 0.86965    -0.00347
 0.87800    -0.00344
 0.88643    -0.00341
 0.89502    -0.00337
 0.90372    -0.00334
 0.91217    -0.00331
 0.92027    -0.00328
 0.92800    -0.00326
 0.93537    -0.00323
 0.94238    -0.00320
 0.94906    -0.00318
 0.95541    -0.00316
 0.96146    -0.00313
 0.96723    -0.00311
 0.97275    -0.00309
 0.97802    -0.00308
 0.98308    -0.00306
 0.98794    -0.00304
 0.99260    -0.00302
 0.99709    -0.00301
 1.00000    -0.00300
